4294967278,555
4294967278,329
4294967294,1439
4294967278,323
4294967279,338
4294967279,251
134,5
4294967278,233
129,5
4294967279,225
4294967278,223
130,5
4294967279,216
130,6
4294967279,409
4294967279,214
131,5
175,14
175,0
175,13
175,12
175,11
4294967279,209
175,10
4294967279,208
175,9
175,8
175,7
4294967278,205
4294967278,534
4294967279,408
4294967278,344
3,6
132,5
3,7
4294967278,179
133,5
2,4
4294967279,180
4294967278,548
45,2
4294967279,178
45,4
68,18
68,0
4294967279,175
4294967279,394
4294967294,955
4294967294,1496
4294967279,323
4294967278,292
4294967278,291
4294967278,167
4294967294,1495
4294967278,313
4294967294,1494
4294967294,963
4294967294,161
4294967294,173
4294967294,1428
4294967279,364
213,0
213,19
4294967278,157
4294967279,158
68,17
141,5
4294967278,521
4294967278,146
4294967279,146
4294967278,558
4294967279,317
3,0
3,10
4294967294,1493
4294967278,287
4294967279,315
213,18
4294967294,1492
4294967279,285
4294967278,542
4294967279,278
213,17
4294967278,275
4294967294,1491
4294967294,403
4294967294,113
4294967294,465
4294967279,277
4294967278,320
4294967278,330
4294967294,1426
4294967294,1419
4294967294,975
4294967278,250
224,4
224,3
224,2
224,1
4294967278,285
223,4
223,3
223,2
223,1
4294967278,265
222,4
4294967279,286
222,3
222,2
222,1
4294967278,282
221,4
221,3
221,2
221,1
220,4
220,3
220,2
220,1
219,4
219,3
219,2
219,1
218,4
218,3
218,2
218,1
217,4
217,3
217,2
217,1
4294967279,259
4294967278,306
216,4
216,3
216,2
216,1
4294967278,305
4294967279,310
215,4
4294967278,304
215,3
215,2
215,1
4294967279,309
214,4
214,3
214,2
214,1
213,16
213,15
213,14
213,13
213,12
213,11
213,10
213,9
4294967279,303
213,8
4294967278,254
213,7
4294967279,254
213,6
4294967278,253
213,5
4294967279,253
213,4
4294967278,252
213,3
213,2
213,1
4294967278,251
4294967279,250
4294967279,229
4294967278,328
4294967279,247
4294967278,247
4294967279,241
4294967294,1460
4294967278,236
4294967279,236
4294967278,174
4294967279,223
4294967278,214
4294967279,280
4294967279,371
4294967294,1490
4294967278,207
4294967278,206
143,3
4294967279,207
5,3
5,0
5,1
5,5
5,2
4294967279,204
4294967278,327
4294967278,537
4294967278,198
211,6
211,5
211,4
211,3
211,2
211,1
4294967294,1489
4294967278,318
140,4
145,4
143,4
144,4
141,4
134,4
4294967278,172
4294967278,171
139,4
131,4
156,4
68,16
132,4
133,4
4294967278,155
150,4
152,4
149,4
148,4
4294967279,147
138,4
137,4
4294967279,142
4294967279,139
155,4
4294967279,137
154,4
4294967279,136
129,4
4294967278,266
68,15
4294967294,472
4294967294,406
4294967294,914
4294967294,167
4294967294,459
4294967294,175
4294967294,109
4294967278,556
4294967279,390
4294967278,261
4294967278,259
4294967294,1488
153,4
151,4
4294967279,255
4294967279,358
4294967294,962
4294967294,170
4294967294,913
4294967278,245
209,6
4294967278,238
209,5
209,4
4294967278,237
209,3
209,2
209,1
208,6
208,5
208,4
208,3
208,2
208,1
68,14
4294967294,1459
4294967279,224
207,6
4294967278,222
207,5
207,4
207,3
207,2
207,1
4294967294,1487
147,4
142,4
4294967279,213
4294967294,1455
206,6
206,5
206,4
206,3
206,2
206,1
4294967279,393
4294967279,206
4294967278,202
130,4
4294967278,551
4294967279,199
4294967279,198
4294967278,196
4294967278,192
4294967294,1486
4294967278,295
4294967279,328
4294967278,190
4294967279,188
4294967294,1425
4294967278,541
4294967279,298
4294967279,326
4294967278,187
4294967278,186
4294967294,475
4294967278,185
4294967278,184
126,0
126,8
4294967278,183
4294967294,502
4294967294,1485
4294967294,474
4294967294,498
4294967294,493
126,3
4294967278,181
126,1
126,7
126,2
4294967278,561
4294967279,367
4294967278,178
3,9
4294967278,177
4294967294,1438
4294967294,180
4294967294,118
4294967278,176
4294967278,316
4294967278,314
4294967278,325
4294967279,167
4294967278,165
4294967279,166
4294967279,164
4294967279,162
4294967278,160
4294967278,343
4294967279,161
4294967279,160
4294967278,156
4294967279,345
4294967278,524
4294967279,320
4294967279,374
4294967278,151
4294967278,342
4294967279,151
4294967279,150
4294967279,149
4294967279,148
4294967278,147
4294967279,145
4294967278,276
4294967294,1445
4294967278,136
4294967294,1450
4294967294,1449
4294967294,1448
4294967294,473
4294967294,1420
4294967294,952
4294967294,469
4294967294,385
4294967278,341
39,9
39,8
39,7
39,6
39,5
39,4
4294967294,176
4294967294,921
4294967294,185
4294967294,919
4294967294,904
4294967294,908
4294967294,494
4294967294,1484
4294967279,270
4294967278,284
130,0
130,9
4294967294,1456
4294967279,360
4294967278,258
4294967278,257
202,0
202,7
202,6
202,5
202,4
202,3
202,2
202,1
4294967294,414
4294967278,540
4294967279,249
4294967279,242
4294967279,407
4294967279,240
4294967279,238
45,5
68,13
4294967279,230
4294967279,222
4294967279,220
127,4
4294967278,203
68,12
4294967279,196
4294967279,195
4294967279,194
4294967279,193
4294967278,182
187,0
187,6
4294967294,1423
4294967294,1483
4294967279,406
187,5
4294967278,340
178,0
178,5
4294967279,173
130,3
130,1
130,8
130,2
4294967279,392
131,3
131,0
131,1
131,7
131,2
4294967294,1424
4294967294,429
4294967294,1482
4294967278,529
4294967279,348
153,0
153,7
4294967294,924
4294967294,1447
4294967279,163
4294967278,528
169,0
169,7
132,3
132,0
132,1
132,7
132,2
4294967278,158
4294967294,1481
150,0
150,7
4294967294,1430
4294967278,339
4294967279,363
4294967278,153
152,0
152,7
4294967278,152
149,0
149,7
4294967294,1480
4294967278,148
4294967279,389
148,0
148,7
4294967278,338
4294967279,292
4294967279,318
142,0
142,7
4294967278,142
4294967278,309
176,0
176,6
137,3
137,0
137,1
137,7
137,2
4294967294,1479
4294967279,276
147,0
147,7
4294967278,274
151,0
151,7
4294967278,256
4294967278,225
4294967279,359
4294967279,227
4294967279,221
4294967294,419
4294967294,179
4294967294,411
4294967294,384
4294967294,119
4294967294,412
4294967294,457
4294967294,408
134,3
4294967279,382
134,0
134,1
134,7
134,2
4294967294,1478
4294967294,1415
4294967294,912
4294967294,422
4294967294,920
129,3
4294967278,267
4294967279,313
129,0
129,1
129,7
129,2
4294967278,520
4294967279,283
177,0
177,6
4294967279,340
140,0
140,9
4294967294,1477
4294967278,337
4294967279,261
4294967279,282
166,0
166,7
4294967294,1435
145,0
145,7
4294967294,499
4294967294,1476
4294967279,391
200,0
200,7
4294967279,405
172,0
172,7
4294967278,539
4294967279,252
156,0
156,7
4294967278,248
4294967278,249
4294967279,337
4294967278,246
171,0
171,7
4294967294,1475
4294967278,239
165,0
165,7
4294967294,1422
4294967279,239
4294967278,235
170,0
170,7
4294967279,232
4294967279,233
164,0
164,7
133,3
133,0
133,1
133,7
133,2
4294967294,1474
160,0
160,7
4294967278,324
4294967278,549
4294967279,174
4294967279,215
4294967278,553
161,0
161,7
4294967294,1446
162,0
162,7
4294967294,1473
4294967294,0
138,0
138,7
4294967279,380
155,0
155,7
4294967294,396
4294967294,953
4294967294,407
4294967294,178
4294967294,954
4294967294,410
4294967294,452
4294967294,454
4294967294,463
154,0
154,7
4294967294,1472
4294967279,299
4294967278,573
141,0
141,9
158,0
158,7
4294967279,354
157,0
157,7
4294967279,327
4294967278,293
159,0
159,7
